face_align\DoanGiau\2022-10-18-22-39-221.png 338 790 1329 1968
face_align\DoanGiau\2022-10-18-22-39-2210.png 468 947 1395 2136
face_align\DoanGiau\2022-10-18-22-39-222.png 457 823 1374 2001
face_align\DoanGiau\2022-10-18-22-39-223.png 465 802 1560 2212
face_align\DoanGiau\2022-10-18-22-39-224.png 425 845 1454 2250
face_align\DoanGiau\2022-10-18-22-39-225.png 336 958 1418 2356
face_align\DoanGiau\2022-10-18-22-39-227.png 456 953 1371 2119
face_align\DoanGiau\2022-10-18-22-39-229.png 376 923 1374 2144
face_align\DoanGiau\friends.png 396 1231 1342 2426
face_align\DoanGiau\giaudoan.png 470 938 1427 2146
face_align\DoanGiau\z4111431356224_82c589d897ee70b7a88fa2940bf88351.png 299 665 1419 2178
face_align\DoanGiau\z4111431360632_0de475af308d9c2fe12e87c898464722.png 194 859 1360 2387
face_align\DoanGiau\z4111431363876_3bd5da12579d95a05a8f718cdcce7a17.png 325 578 1325 1889
face_align\DoanGiau\z4111431364324_7a05786d4f2a0564ac158c0a415392d0.png 607 458 1680 1967
face_align\DoanGiau\z4111431450683_9be4cf856c5b16d004b2c4da14b4f31c.png 490 581 1754 2331
face_align\DoanGiau\z4111431485026_be24d015e0046cbbc8245914e9c5998d.png 591 626 1791 2290
face_align\DoanGiau\z4111431566564_3a80eb67c4f6f63aa9b482db72ad7b18.png 138 656 1343 2221
face_align\DoanGiau\z4111431629616_909e2cc34bd9345cd824834193414a7e.png 244 621 1444 2266
face_align\DoanGiau\z4111431680382_f0ba05029dfaa72098729d5139d4f727.png 244 597 1454 2218
face_align\DoanGiau\z4111431719641_bbad9d0bbc0b586825f3ae66ba47b419.png 267 628 1448 2270
